1	207896000	207897000	1	207963000	207964000
1	207828000	207829000	1	207962000	207963000
1	207869000	207870000	1	207963000	207964000
1	207812000	207813000	1	207963000	207964000
1	207798000	207799000	1	207963000	207964000
1	207885000	207886000	1	207997000	207998000
1	207652000	207653000	1	207796000	207797000
1	209568000	209569000	1	209627000	209628000
1	209577000	209578000	1	209627000	209628000
1	209568000	209569000	1	209692000	209693000
1	209577000	209578000	1	209692000	209693000
1	209602000	209603000	1	209692000	209693000
1	209651000	209652000	1	209747000	209748000
1	209652000	209653000	1	209784000	209785000
1	209628000	209629000	1	209692000	209693000
1	209692000	209693000	1	209747000	209748000
1	209749000	209750000	1	209783000	209784000
1	209748000	209749000	1	209805000	209806000
1	209748000	209749000	1	209827000	209828000
1	209784000	209785000	1	209827000	209828000
1	209806000	209807000	1	209884000	209885000
1	209784000	209785000	1	209884000	209885000
1	209828000	209829000	1	209884000	209885000
1	209602000	209603000	1	209746000	209747000
1	209576000	209577000	1	209746000	209747000
1	209651000	209652000	1	209826000	209827000
1	209652000	209653000	1	209806000	209807000
1	209568000	209569000	1	209746000	209747000
1	209860000	209861000	1	209989000	209990000
1	208652000	208653000	1	209188000	209189000
1	208653000	208654000	1	209206000	209207000
1	208653000	208654000	1	209247000	209248000
1	208653000	208654000	1	209352000	209353000
1	208652000	208653000	1	209512000	209513000
1	208652000	208653000	1	209564000	209565000
1	208653000	208654000	1	209433000	209434000
1	209247000	209248000	1	209566000	209567000
1	209202000	209203000	1	209353000	209354000
1	209202000	209203000	1	209434000	209435000
1	209202000	209203000	1	209488000	209489000
1	209202000	209203000	1	209513000	209514000
1	209203000	209204000	1	209566000	209567000
1	208021000	208022000	1	208092000	208093000
1	207884000	207885000	1	208092000	208093000
1	207868000	207869000	1	208244000	208245000
1	207885000	207886000	1	208245000	208246000
1	207896000	207897000	1	208245000	208246000
1	208020000	208021000	1	208244000	208245000
1	207994000	207995000	1	208244000	208245000
1	208131000	208132000	1	208243000	208244000
1	208093000	208094000	1	208244000	208245000
1	208047000	208048000	1	208244000	208245000
1	208037000	208038000	1	208244000	208245000
1	207825000	207826000	1	208244000	208245000
1	207828000	207829000	1	207869000	207870000
1	209573000	209574000	1	209822000	209823000
1	209572000	209573000	1	209986000	209987000
1	209858000	209859000	1	210311000	210312000
1	210144000	210145000	1	210308000	210309000
1	207711000	207712000	1	207796000	207797000
1	209248000	209249000	1	209434000	209435000
1	209249000	209250000	1	209512000	209513000
1	209249000	209250000	1	209353000	209354000
1	209652000	209653000	1	209884000	209885000
1	209567000	209568000	1	209649000	209650000
1	209652000	209653000	1	209839000	209840000
1	209824000	209825000	1	209988000	209989000
1	209650000	209651000	1	209988000	209989000
1	209079000	209080000	1	209353000	209354000
1	209077000	209078000	1	209436000	209437000
1	209077000	209078000	1	209191000	209192000
1	209076000	209077000	1	209488000	209489000
6	26027000	26028000	6	26157000	26158000
6	26034000	26035000	6	26205000	26206000
6	26028000	26029000	6	26205000	26206000
6	26021000	26022000	6	26205000	26206000
6	26124000	26125000	6	26157000	26158000
6	26124000	26125000	6	26189000	26190000
6	26104000	26105000	6	26205000	26206000
6	26104000	26105000	6	26199000	26200000
6	26065000	26066000	6	26172000	26173000
6	26312000	26313000	6	26521000	26522000
6	26330000	26331000	6	26521000	26522000
6	26330000	26331000	6	26537000	26538000
6	26312000	26313000	6	26555000	26556000
6	26330000	26331000	6	26555000	26556000
6	26342000	26343000	6	26555000	26556000
6	26342000	26343000	6	26571000	26572000
6	26330000	26331000	6	26570000	26571000
6	26342000	26343000	6	26596000	26597000
6	26330000	26331000	6	26596000	26597000
6	26312000	26313000	6	26596000	26597000
6	26305000	26306000	6	26596000	26597000
6	26286000	26287000	6	26571000	26572000
6	26287000	26288000	6	26554000	26555000
6	25720000	25721000	6	25890000	25891000
6	25721000	25722000	6	25942000	25943000
6	25721000	25722000	6	26003000	26004000
6	25790000	25791000	6	26003000	26004000
6	25790000	25791000	6	25992000	25993000
6	25789000	25790000	6	25942000	25943000
6	25720000	25721000	6	25993000	25994000
6	26199000	26200000	6	26312000	26313000
6	26189000	26190000	6	26312000	26313000
6	26174000	26175000	6	26313000	26314000
6	26174000	26175000	6	26305000	26306000
6	26189000	26190000	6	26305000	26306000
6	26199000	26200000	6	26305000	26306000
6	26206000	26207000	6	26286000	26287000
6	26189000	26190000	6	26286000	26287000
6	26172000	26173000	6	26286000	26287000
6	26224000	26225000	6	26285000	26286000
6	26224000	26225000	6	26305000	26306000
6	26223000	26224000	6	26322000	26323000
6	26224000	26225000	6	26329000	26330000
6	26174000	26175000	6	26322000	26323000
6	26056000	26057000	6	26123000	26124000
6	26065000	26066000	6	26124000	26125000
6	26055000	26056000	6	26157000	26158000
6	26065000	26066000	6	26157000	26158000
6	26422000	26423000	6	26535000	26536000
6	26384000	26385000	6	26570000	26571000
6	26384000	26385000	6	26519000	26520000
6	26124000	26125000	6	26556000	26557000
6	26573000	26574000	6	26596000	26597000
6	26556000	26557000	6	26595000	26596000
6	26175000	26176000	6	26572000	26573000
6	26175000	26176000	6	26537000	26538000
6	26203000	26204000	6	26555000	26556000
6	26202000	26203000	6	26537000	26538000
6	26202000	26203000	6	26572000	26573000
6	26124000	26125000	6	26572000	26573000
6	26422000	26423000	6	26519000	26520000
6	26459000	26460000	6	26595000	26596000
6	26176000	26177000	6	26595000	26596000
6	26384000	26385000	6	26536000	26537000
6	26160000	26161000	6	26595000	26596000
6	26125000	26126000	6	26596000	26597000
6	26203000	26204000	6	26595000	26596000
6	26458000	26459000	6	26536000	26537000
6	26477000	26478000	6	26519000	26520000
6	26159000	26160000	6	26537000	26538000
6	26124000	26125000	6	26537000	26538000
6	26159000	26160000	6	26555000	26556000
6	26422000	26423000	6	26593000	26594000
6	26555000	26556000	6	26572000	26573000
6	26286000	26287000	6	26330000	26331000
6	26304000	26305000	6	26334000	26335000
6	26124000	26125000	6	26205000	26206000
6	26158000	26159000	6	26205000	26206000
6	26033000	26034000	6	26173000	26174000
6	26104000	26105000	6	26157000	26158000
6	25223000	25224000	6	25490000	25491000
6	25279000	25280000	6	25490000	25491000
6	25224000	25225000	6	25556000	25557000
6	25266000	25267000	6	25556000	25557000
6	25280000	25281000	6	25556000	25557000
6	25265000	25266000	6	25602000	25603000
6	25279000	25280000	6	25602000	25603000
6	26021000	26022000	6	26123000	26124000
6	26028000	26029000	6	26189000	26190000
6	26028000	26029000	6	26198000	26199000
6	26021000	26022000	6	26198000	26199000
6	26027000	26028000	6	26173000	26174000
6	26055000	26056000	6	26189000	26190000
6	26065000	26066000	6	26188000	26189000
6	26054000	26055000	6	26198000	26199000
6	26066000	26067000	6	26198000	26199000
6	26021000	26022000	6	26173000	26174000
6	26022000	26023000	6	26189000	26190000
6	26027000	26028000	6	26104000	26105000
6	26021000	26022000	6	26066000	26067000
6	26027000	26028000	6	26065000	26066000
6	26033000	26034000	6	26065000	26066000
6	26105000	26106000	6	26173000	26174000
6	26104000	26105000	6	26190000	26191000
6	26189000	26190000	6	26205000	26206000
6	26104000	26105000	6	26123000	26124000
6	27161000	27162000	6	27903000	27904000
6	27178000	27179000	6	27903000	27904000
6	27133000	27134000	6	27894000	27895000
6	27147000	27148000	6	27894000	27895000
6	27189000	27190000	6	27894000	27895000
6	27178000	27179000	6	27894000	27895000
6	27161000	27162000	6	27894000	27895000
6	27133000	27134000	6	27838000	27839000
6	27147000	27148000	6	27838000	27839000
6	27147000	27148000	6	27809000	27810000
6	27178000	27179000	6	27809000	27810000
6	27190000	27191000	6	27809000	27810000
6	27160000	27161000	6	27809000	27810000
6	27177000	27178000	6	27753000	27754000
6	27161000	27162000	6	27753000	27754000
6	27147000	27148000	6	27753000	27754000
6	27161000	27162000	6	27838000	27839000
6	27177000	27178000	6	27838000	27839000
6	27189000	27190000	6	27838000	27839000
6	27189000	27190000	6	27693000	27694000
6	27177000	27178000	6	27693000	27694000
6	27163000	27164000	6	27693000	27694000
6	27163000	27164000	6	27687000	27688000
6	27178000	27179000	6	27687000	27688000
6	27189000	27190000	6	27687000	27688000
6	27297000	27298000	6	27753000	27754000
6	27281000	27282000	6	27753000	27754000
6	27251000	27252000	6	27753000	27754000
6	27236000	27237000	6	27753000	27754000
6	27231000	27232000	6	27753000	27754000
6	27252000	27253000	6	27694000	27695000
6	27281000	27282000	6	27695000	27696000
6	27295000	27296000	6	27694000	27695000
6	27334000	27335000	6	27693000	27694000
6	27296000	27297000	6	27685000	27686000
6	27334000	27335000	6	27686000	27687000
6	27133000	27134000	6	27671000	27672000
6	27505000	27506000	6	27593000	27594000
6	27520000	27521000	6	27593000	27594000
6	27547000	27548000	6	27593000	27594000
6	27505000	27506000	6	27607000	27608000
6	27533000	27534000	6	27606000	27607000
6	27548000	27549000	6	27606000	27607000
6	27520000	27521000	6	27606000	27607000
6	27505000	27506000	6	27687000	27688000
6	27520000	27521000	6	27687000	27688000
6	27533000	27534000	6	27686000	27687000
6	27547000	27548000	6	27687000	27688000
6	27506000	27507000	6	27695000	27696000
6	27519000	27520000	6	27695000	27696000
6	27506000	27507000	6	27673000	27674000
6	27520000	27521000	6	27672000	27673000
6	27532000	27533000	6	27673000	27674000
6	27547000	27548000	6	27673000	27674000
6	27473000	27474000	6	27672000	27673000
6	27474000	27475000	6	27686000	27687000
6	27503000	27504000	6	27753000	27754000
6	27519000	27520000	6	27753000	27754000
6	27549000	27550000	6	27753000	27754000
6	27687000	27688000	6	27793000	27794000
6	27673000	27674000	6	27753000	27754000
6	27674000	27675000	6	27794000	27795000
6	27688000	27689000	6	27754000	27755000
6	27504000	27505000	6	27794000	27795000
6	27474000	27475000	6	27903000	27904000
6	27595000	27596000	6	27686000	27687000
6	27519000	27520000	6	27895000	27896000
6	27505000	27506000	6	27894000	27895000
6	27604000	27605000	6	27686000	27687000
6	27605000	27606000	6	27694000	27695000
6	27474000	27475000	6	27893000	27894000
6	27520000	27521000	6	27902000	27903000
6	27505000	27506000	6	27902000	27903000
6	27190000	27191000	6	27794000	27795000
6	27190000	27191000	6	27753000	27754000
6	27162000	27163000	6	27794000	27795000
6	27548000	27549000	6	27903000	27904000
6	27773000	27774000	6	27895000	27896000
6	27795000	27796000	6	27895000	27896000
6	27812000	27813000	6	27893000	27894000
6	27754000	27755000	6	27896000	27897000
6	26029000	26030000	6	27133000	27134000
6	26029000	26030000	6	27148000	27149000
6	26056000	26057000	6	27148000	27149000
6	26103000	26104000	6	27132000	27133000
6	26103000	26104000	6	27148000	27149000
6	26123000	26124000	6	27133000	27134000
6	26159000	26160000	6	27133000	27134000
6	26159000	26160000	6	27148000	27149000
6	26173000	26174000	6	27133000	27134000
6	26173000	26174000	6	27148000	27149000
6	26190000	26191000	6	27147000	27148000
6	26189000	26190000	6	27133000	27134000
6	26201000	26202000	6	27134000	27135000
6	26201000	26202000	6	27148000	27149000
6	28080000	28081000	6	28355000	28356000
6	28103000	28104000	6	28355000	28356000
6	28135000	28136000	6	28356000	28357000
6	28125000	28126000	6	28356000	28357000
6	28124000	28125000	6	28384000	28385000
6	28080000	28081000	6	28383000	28384000
6	28102000	28103000	6	28383000	28384000
6	28135000	28136000	6	28337000	28338000
6	28081000	28082000	6	28336000	28337000
6	28081000	28082000	6	28267000	28268000
6	28124000	28125000	6	28253000	28254000
6	28135000	28136000	6	28253000	28254000
6	28142000	28143000	6	28253000	28254000
6	28142000	28143000	6	28225000	28226000
6	28081000	28082000	6	28225000	28226000
6	28081000	28082000	6	28213000	28214000
6	28125000	28126000	6	28225000	28226000
6	28136000	28137000	6	28267000	28268000
6	28142000	28143000	6	28267000	28268000
6	28226000	28227000	6	28384000	28385000
6	28225000	28226000	6	28355000	28356000
6	28213000	28214000	6	28355000	28356000
6	28252000	28253000	6	28355000	28356000
6	28252000	28253000	6	28383000	28384000
6	28267000	28268000	6	28383000	28384000
6	28268000	28269000	6	28335000	28336000
6	28213000	28214000	6	28335000	28336000
6	28224000	28225000	6	28335000	28336000
6	28252000	28253000	6	28267000	28268000
6	28252000	28253000	6	28281000	28282000
6	28135000	28136000	6	28384000	28385000
6	28142000	28143000	6	28383000	28384000
6	27895000	27896000	6	28355000	28356000
6	27904000	27905000	6	28355000	28356000
6	27133000	27134000	6	27809000	27810000
6	27133000	27134000	6	27794000	27795000
6	27505000	27506000	6	27548000	27549000
6	27505000	27506000	6	27532000	27533000
6	27810000	27811000	6	28356000	28357000
6	27822000	27823000	6	28356000	28357000
6	27839000	27840000	6	28351000	28352000
6	27904000	27905000	6	28350000	28351000
6	27894000	27895000	6	28350000	28351000
6	28081000	28082000	6	28136000	28137000
6	27904000	27905000	6	28080000	28081000
6	27893000	27894000	6	28080000	28081000
6	27838000	27839000	6	28081000	28082000
6	25224000	25225000	6	25890000	25891000
6	25223000	25224000	6	25943000	25944000
6	25224000	25225000	6	26003000	26004000
6	25265000	25266000	6	25942000	25943000
6	25265000	25266000	6	25889000	25890000
6	25278000	25279000	6	25889000	25890000
6	25223000	25224000	6	25719000	25720000
6	25266000	25267000	6	25718000	25719000
6	25281000	25282000	6	25718000	25719000
6	25559000	25560000	6	25945000	25946000
6	25605000	25606000	6	25890000	25891000
6	25556000	25557000	6	25991000	25992000
6	25606000	25607000	6	25944000	25945000
6	26024000	26025000	6	27810000	27811000
6	26055000	26056000	6	27810000	27811000
6	26124000	26125000	6	27809000	27810000
6	26174000	26175000	6	27809000	27810000
6	26124000	26125000	6	27837000	27838000
6	26056000	26057000	6	27836000	27837000
6	26028000	26029000	6	27835000	27836000
6	26124000	26125000	6	27893000	27894000
6	26056000	26057000	6	27894000	27895000
6	26028000	26029000	6	27892000	27893000
6	26158000	26159000	6	27893000	27894000
6	26174000	26175000	6	27892000	27893000
6	26202000	26203000	6	27893000	27894000
6	26201000	26202000	6	27811000	27812000
6	26159000	26160000	6	27836000	27837000
6	26608000	26609000	6	27077000	27078000
6	26608000	26609000	6	27128000	27129000
6	26609000	26610000	6	27157000	27158000
6	26575000	26576000	6	27078000	27079000
6	26331000	26332000	6	27129000	27130000
6	26288000	26289000	6	27129000	27130000
6	26536000	26537000	6	27130000	27131000
6	26558000	26559000	6	27129000	27130000
6	26573000	26574000	6	27157000	27158000
6	26537000	26538000	6	27233000	27234000
6	26555000	26556000	6	27233000	27234000
6	26572000	26573000	6	27233000	27234000
6	26174000	26175000	6	26330000	26331000
6	27162000	27163000	6	27606000	27607000
6	27175000	27176000	6	27605000	27606000
6	27190000	27191000	6	27605000	27606000
6	27162000	27163000	6	27547000	27548000
6	27163000	27164000	6	27502000	27503000
6	27190000	27191000	6	27503000	27504000
6	27335000	27336000	6	27502000	27503000
6	27281000	27282000	6	27548000	27549000
6	27298000	27299000	6	27546000	27547000
6	27334000	27335000	6	27547000	27548000
6	26121000	26122000	6	27820000	27821000
6	26162000	26163000	6	27810000	27811000
6	27825000	27826000	6	27892000	27893000
6	28280000	28281000	6	28348000	28349000
6	28268000	28269000	6	28354000	28355000
6	27839000	27840000	6	27892000	27893000
6	28268000	28269000	6	28349000	28350000
6	27148000	27149000	6	27903000	27904000
6	28225000	28226000	6	28350000	28351000
6	27132000	27133000	6	27903000	27904000
6	28280000	28281000	6	28354000	28355000
6	28213000	28214000	6	28350000	28351000
6	28252000	28253000	6	28349000	28350000
6	27281000	27282000	6	27604000	27605000
6	26175000	26176000	6	26419000	26420000
6	26175000	26176000	6	26381000	26382000
6	26175000	26176000	6	26363000	26364000
6	26175000	26176000	6	26457000	26458000
6	26055000	26056000	6	27131000	27132000
6	26124000	26125000	6	27146000	27147000
6	26288000	26289000	6	27146000	27147000
6	26289000	26290000	6	27893000	27894000
6	26312000	26313000	6	27892000	27893000
6	26331000	26332000	6	27891000	27892000
6	25224000	25225000	6	25602000	25603000
6	25266000	25267000	6	25490000	25491000
6	25789000	25790000	6	25889000	25890000
6	25720000	25721000	6	26096000	26097000
6	25789000	25790000	6	26096000	26097000
6	26223000	26224000	6	26594000	26595000
6	26223000	26224000	6	26571000	26572000
6	26176000	26177000	6	26555000	26556000
6	26223000	26224000	6	26538000	26539000
6	26158000	26159000	6	26329000	26330000
6	26124000	26125000	6	26329000	26330000
6	26124000	26125000	6	26321000	26322000
6	26158000	26159000	6	26321000	26322000
6	26205000	26206000	6	26322000	26323000
6	26206000	26207000	6	26312000	26313000
6	26190000	26191000	6	26329000	26330000
6	26198000	26199000	6	26329000	26330000
6	26207000	26208000	6	26329000	26330000
6	26124000	26125000	6	26286000	26287000
6	26198000	26199000	6	26286000	26287000
6	26175000	26176000	6	26521000	26522000
6	26175000	26176000	6	26493000	26494000
6	26175000	26176000	6	26474000	26475000
6	26022000	26023000	6	26097000	26098000
6	26065000	26066000	6	26103000	26104000
6	26056000	26057000	6	26103000	26104000
6	26056000	26057000	6	26172000	26173000
6	26172000	26173000	6	26205000	26206000
6	26172000	26173000	6	26198000	26199000
6	26312000	26313000	6	27672000	27673000
6	26314000	26315000	6	27148000	27149000
6	26174000	26175000	6	27079000	27080000
6	26331000	26332000	6	27546000	27547000
6	26329000	26330000	6	27754000	27755000
6	26313000	26314000	6	27503000	27504000
6	26174000	26175000	6	27091000	27092000
6	26314000	26315000	6	27693000	27694000
6	26287000	26288000	6	27474000	27475000
6	26311000	26312000	6	27605000	27606000
6	26312000	26313000	6	27475000	27476000
6	26330000	26331000	6	27606000	27607000
6	26287000	26288000	6	27754000	27755000
6	26309000	26310000	6	27754000	27755000
6	26200000	26201000	6	27833000	27834000
6	26292000	26293000	6	27829000	27830000
6	26327000	26328000	6	27827000	27828000
6	25327000	25328000	6	25758000	25759000
6	26065000	26066000	6	26596000	26597000
6	26538000	26539000	6	27545000	27546000
6	26556000	26557000	6	27686000	27687000
6	26554000	26555000	6	27592000	27593000
6	26537000	26538000	6	27592000	27593000
6	26555000	26556000	6	27502000	27503000
6	26536000	26537000	6	27688000	27689000
6	26035000	26036000	6	26571000	26572000
6	26023000	26024000	6	26595000	26596000
6	26602000	26603000	6	27810000	27811000
6	26055000	26056000	6	26571000	26572000
6	26026000	26027000	6	26331000	26332000
6	26557000	26558000	6	27545000	27546000
6	26026000	26027000	6	26284000	26285000
6	26571000	26572000	6	27811000	27812000
6	26058000	26059000	6	26284000	26285000
6	26573000	26574000	6	27545000	27546000
6	26572000	26573000	6	27669000	27670000
6	26597000	26598000	6	27686000	27687000
6	26523000	26524000	6	27545000	27546000
6	26055000	26056000	6	26554000	26555000
6	26104000	26105000	6	26285000	26286000
6	26597000	26598000	6	27504000	27505000
6	26596000	26597000	6	27671000	27672000
6	26032000	26033000	6	26595000	26596000
6	26575000	26576000	6	27686000	27687000
6	26574000	26575000	6	27754000	27755000
6	26029000	26030000	6	26554000	26555000
6	26595000	26596000	6	27594000	27595000
6	26573000	26574000	6	27591000	27592000
6	26057000	26058000	6	26596000	26597000
6	26596000	26597000	6	27546000	27547000
6	26597000	26598000	6	27751000	27752000
6	26538000	26539000	6	27754000	27755000
6	26555000	26556000	6	27752000	27753000
6	26571000	26572000	6	27894000	27895000
6	26571000	26572000	6	27901000	27902000
6	26555000	26556000	6	27901000	27902000
6	26555000	26556000	6	27893000	27894000
6	26595000	26596000	6	27893000	27894000
6	26573000	26574000	6	27793000	27794000
6	26538000	26539000	6	27902000	27903000
6	26537000	26538000	6	27894000	27895000
6	26538000	26539000	6	27811000	27812000
6	26522000	26523000	6	27811000	27812000
6	26538000	26539000	6	27474000	27475000
6	26573000	26574000	6	27605000	27606000
6	26556000	26557000	6	27671000	27672000
6	26521000	26522000	6	27476000	27477000
6	26556000	26557000	6	27794000	27795000
6	26538000	26539000	6	27605000	27606000
6	26598000	26599000	6	27475000	27476000
6	26535000	26536000	6	27671000	27672000
6	26556000	26557000	6	27475000	27476000
6	26572000	26573000	6	27475000	27476000
6	26600000	26601000	6	27793000	27794000
6	26539000	26540000	6	27794000	27795000
6	26573000	26574000	6	27503000	27504000
6	26554000	26555000	6	27605000	27606000
6	26596000	26597000	6	27605000	27606000
6	26330000	26331000	6	27148000	27149000
6	26313000	26314000	6	27131000	27132000
6	25222000	25223000	6	26096000	26097000
6	26033000	26034000	6	26123000	26124000
6	26027000	26028000	6	26123000	26124000
6	26021000	26022000	6	26103000	26104000
6	26027000	26028000	6	26098000	26099000
6	26033000	26034000	6	26199000	26200000
6	26158000	26159000	6	26189000	26190000
6	27163000	27164000	6	27519000	27520000
6	27233000	27234000	6	27892000	27893000
6	27189000	27190000	6	27672000	27673000
6	27335000	27336000	6	27810000	27811000
6	27376000	27377000	6	27753000	27754000
6	27335000	27336000	6	27794000	27795000
6	27151000	27152000	6	27671000	27672000
6	27282000	27283000	6	27893000	27894000
6	27281000	27282000	6	27810000	27811000
6	27335000	27336000	6	27753000	27754000
6	27334000	27335000	6	27894000	27895000
6	27150000	27151000	6	27686000	27687000
6	27162000	27163000	6	27671000	27672000
6	27297000	27298000	6	27793000	27794000
6	27280000	27281000	6	27793000	27794000
6	27334000	27335000	6	27903000	27904000
6	27177000	27178000	6	27595000	27596000
6	27162000	27163000	6	27595000	27596000
6	27189000	27190000	6	27595000	27596000
6	27150000	27151000	6	27693000	27694000
6	27191000	27192000	6	27547000	27548000
6	27233000	27234000	6	27793000	27794000
6	27177000	27178000	6	27673000	27674000
6	27234000	27235000	6	27809000	27810000
6	27282000	27283000	6	27903000	27904000
6	27177000	27178000	6	27547000	27548000
6	27298000	27299000	6	27903000	27904000
6	27190000	27191000	6	27617000	27618000
6	27148000	27149000	6	27473000	27474000
6	27237000	27238000	6	27595000	27596000
6	27237000	27238000	6	27545000	27546000
6	27231000	27232000	6	27545000	27546000
6	27147000	27148000	6	27502000	27503000
6	27231000	27232000	6	27533000	27534000
6	27237000	27238000	6	27503000	27504000
6	27162000	27163000	6	27473000	27474000
6	27231000	27232000	6	27672000	27673000
6	27237000	27238000	6	27685000	27686000
6	27178000	27179000	6	27473000	27474000
6	27231000	27232000	6	27594000	27595000
6	27231000	27232000	6	27504000	27505000
6	27190000	27191000	6	27473000	27474000
6	27177000	27178000	6	27519000	27520000
6	27231000	27232000	6	27686000	27687000
6	27237000	27238000	6	27693000	27694000
6	27177000	27178000	6	27502000	27503000
6	27231000	27232000	6	27694000	27695000
6	27231000	27232000	6	27519000	27520000
6	27133000	27134000	6	27692000	27693000
6	27133000	27134000	6	27474000	27475000
6	27177000	27178000	6	27479000	27480000
6	27147000	27148000	6	27479000	27480000
6	27162000	27163000	6	27478000	27479000
6	27281000	27282000	6	27480000	27481000
6	26342000	26343000	6	26537000	26538000
6	27178000	27179000	6	27793000	27794000
6	27811000	27812000	6	27903000	27904000
6	27280000	27281000	6	27503000	27504000
6	27237000	27238000	6	27480000	27481000
6	26534000	26535000	6	26570000	26571000
6	26534000	26535000	6	26554000	26555000
6	26286000	26287000	6	26520000	26521000
6	26365000	26366000	6	26520000	26521000
6	27335000	27336000	6	27473000	27474000
6	27549000	27550000	6	27793000	27794000
6	27237000	27238000	6	27473000	27474000
6	26365000	26366000	6	26571000	26572000
6	27694000	27695000	6	27903000	27904000
6	26286000	26287000	6	26596000	26597000
6	26538000	26539000	6	26570000	26571000
6	27548000	27549000	6	27693000	27694000
6	27603000	27604000	6	27903000	27904000
6	26312000	26313000	6	26539000	26540000
6	27604000	27605000	6	27894000	27895000
6	27687000	27688000	6	27903000	27904000
6	26365000	26366000	6	26595000	26596000
6	27795000	27796000	6	27903000	27904000
6	27231000	27232000	6	27479000	27480000
6	26286000	26287000	6	26538000	26539000
6	27584000	27585000	6	27895000	27896000
6	27296000	27297000	6	27473000	27474000
6	27596000	27597000	6	27894000	27895000
6	26322000	26323000	6	26554000	26555000
6	27594000	27595000	6	27902000	27903000
6	27619000	27620000	6	27894000	27895000
6	26296000	26297000	6	26596000	26597000
6	27617000	27618000	6	27693000	27694000
6	26313000	26314000	6	26571000	26572000
6	27297000	27298000	6	27503000	27504000
6	27519000	27520000	6	27794000	27795000
6	26322000	26323000	6	26596000	26597000
6	27297000	27298000	6	27479000	27480000
6	27755000	27756000	6	27903000	27904000
6	26312000	26313000	6	26533000	26534000
6	26365000	26366000	6	26537000	26538000
6	27838000	27839000	6	27903000	27904000
6	26521000	26522000	6	26554000	26555000
6	27694000	27695000	6	27894000	27895000
6	27548000	27549000	6	27893000	27894000
6	26522000	26523000	6	26570000	26571000
6	26322000	26323000	6	26571000	26572000
6	27687000	27688000	6	27893000	27894000
6	26343000	26344000	6	26520000	26521000
6	27148000	27149000	6	27794000	27795000
6	27618000	27619000	6	27903000	27904000
6	26322000	26323000	6	26533000	26534000
6	27281000	27282000	6	27473000	27474000
6	27617000	27618000	6	27686000	27687000
6	26474000	26475000	6	26594000	26595000
6	26538000	26539000	6	26554000	26555000
6	27583000	27584000	6	27903000	27904000
6	27231000	27232000	6	27473000	27474000
6	26322000	26323000	6	26538000	26539000
6	26383000	26384000	6	26555000	26556000
6	27335000	27336000	6	27479000	27480000
6	26537000	26538000	6	26595000	26596000
6	26521000	26522000	6	26595000	26596000
6	27594000	27595000	6	27753000	27754000
6	27593000	27594000	6	27672000	27673000
6	27594000	27595000	6	27686000	27687000
6	27618000	27619000	6	27753000	27754000
6	27584000	27585000	6	27753000	27754000
6	27478000	27479000	6	27794000	27795000
6	27477000	27478000	6	27753000	27754000
6	27479000	27480000	6	27811000	27812000
6	28135000	28136000	6	28350000	28351000
6	27609000	27610000	6	27753000	27754000
6	28081000	28082000	6	28350000	28351000
6	26124000	26125000	6	26172000	26173000
6	26033000	26034000	6	26157000	26158000
6	26027000	26028000	6	26120000	26121000
6	27602000	27603000	6	27753000	27754000
6	27297000	27298000	6	27593000	27594000
6	28081000	28082000	6	28253000	28254000
6	27237000	27238000	6	27604000	27605000
6	28225000	28226000	6	28267000	28268000
6	26206000	26207000	6	26305000	26306000
6	27231000	27232000	6	27618000	27619000
6	26021000	26022000	6	26120000	26121000
6	27297000	27298000	6	27649000	27650000
6	26026000	26027000	6	26055000	26056000
6	26125000	26126000	6	26224000	26225000
6	28125000	28126000	6	28268000	28269000
6	26021000	26022000	6	26157000	26158000
6	28225000	28226000	6	28252000	28253000
6	28125000	28126000	6	28350000	28351000
6	26158000	26159000	6	26199000	26200000
6	26124000	26125000	6	26199000	26200000
6	26054000	26055000	6	26224000	26225000
6	28142000	28143000	6	28356000	28357000
6	26173000	26174000	6	26224000	26225000
6	27280000	27281000	6	27520000	27521000
6	26021000	26022000	6	26055000	26056000
6	26033000	26034000	6	26120000	26121000
6	28143000	28144000	6	28350000	28351000
6	26033000	26034000	6	26224000	26225000
6	27237000	27238000	6	27618000	27619000
6	28080000	28081000	6	28124000	28125000
6	28124000	28125000	6	28142000	28143000
6	27251000	27252000	6	27671000	27672000
6	27296000	27297000	6	27673000	27674000
6	27333000	27334000	6	27518000	27519000
6	26032000	26033000	6	26104000	26105000
6	26223000	26224000	6	26313000	26314000
6	27231000	27232000	6	27604000	27605000
6	26021000	26022000	6	26224000	26225000
6	27297000	27298000	6	27519000	27520000
6	26158000	26159000	6	26224000	26225000
6	26159000	26160000	6	26172000	26173000
6	27251000	27252000	6	27686000	27687000
6	26033000	26034000	6	26055000	26056000
6	26158000	26159000	6	26312000	26313000
6	26066000	26067000	6	26097000	26098000
6	26188000	26189000	6	26224000	26225000
6	26205000	26206000	6	26224000	26225000
6	25557000	25558000	6	25891000	25892000
6	26332000	26333000	6	27694000	27695000
6	26332000	26333000	6	27671000	27672000
6	26331000	26332000	6	27476000	27477000
6	26331000	26332000	6	27809000	27810000
6	26309000	26310000	6	27545000	27546000
6	26310000	26311000	6	27812000	27813000
19	38244000	38245000	19	38335000	38336000
19	38236000	38237000	19	38384000	38385000
19	38234000	38235000	19	38441000	38442000
19	38231000	38232000	19	38633000	38634000
19	38407000	38408000	19	38631000	38632000
19	38512000	38513000	19	38635000	38636000
19	38550000	38551000	19	38634000	38635000
19	38236000	38237000	19	38502000	38503000
19	36128000	36129000	19	36170000	36171000
19	36061000	36062000	19	36174000	36175000
19	36056000	36057000	19	36113000	36114000
19	37903000	37904000	19	38443000	38444000
19	37901000	37902000	19	38383000	38384000
19	37901000	37902000	19	38329000	38330000
19	37901000	37902000	19	38225000	38226000
19	37900000	37901000	19	38139000	38140000
19	37900000	37901000	19	38090000	38091000
19	38963000	38964000	19	39326000	39327000
19	39051000	39052000	19	39327000	39328000
19	39119000	39120000	19	39327000	39328000
19	39212000	39213000	19	39326000	39327000
19	39212000	39213000	19	39409000	39410000
19	39552000	39553000	19	39672000	39673000
19	39473000	39474000	19	39535000	39536000
19	39439000	39440000	19	39534000	39535000
19	39400000	39401000	19	39534000	39535000
19	38961000	38962000	19	39189000	39190000
19	39071000	39072000	19	39406000	39407000
19	39118000	39119000	19	39405000	39406000
19	38959000	38960000	19	39407000	39408000
19	39049000	39050000	19	39186000	39187000
19	39119000	39120000	19	39183000	39184000
19	38729000	38730000	19	38936000	38937000
19	38519000	38520000	19	38936000	38937000
19	38402000	38403000	19	38886000	38887000
19	38516000	38517000	19	38888000	38889000
19	38403000	38404000	19	38938000	38939000
19	38728000	38729000	19	38887000	38888000
5	157148000	157149000	5	157253000	157254000
5	157149000	157150000	5	157311000	157312000
5	157148000	157149000	5	157265000	157266000
5	157142000	157143000	5	157265000	157266000
5	157253000	157254000	5	157311000	157312000
5	157148000	157149000	5	157477000	157478000
5	157253000	157254000	5	157477000	157478000
5	157329000	157330000	5	157476000	157477000
5	157343000	157344000	5	157476000	157477000
5	157367000	157368000	5	157477000	157478000
5	159532000	159533000	5	159916000	159917000
5	159516000	159517000	5	159916000	159917000
5	159516000	159517000	5	159965000	159966000
5	159516000	159517000	5	159987000	159988000
5	159444000	159445000	5	159987000	159988000
5	159444000	159445000	5	159965000	159966000
5	159444000	159445000	5	159915000	159916000
5	157856000	157857000	5	157947000	157948000
5	157817000	157818000	5	157917000	157918000
5	157855000	157856000	5	157995000	157996000
5	157762000	157763000	5	157917000	157918000
5	157817000	157818000	5	157948000	157949000
5	157762000	157763000	5	157994000	157995000
5	157817000	157818000	5	157994000	157995000
5	159286000	159287000	5	159916000	159917000
5	159285000	159286000	5	159986000	159987000
5	159331000	159332000	5	159987000	159988000
5	159284000	159285000	5	159964000	159965000
5	159156000	159157000	5	159986000	159987000
5	159208000	159209000	5	160008000	160009000
5	159157000	159158000	5	159915000	159916000
5	159332000	159333000	5	159915000	159916000
5	159211000	159212000	5	159915000	159916000
5	159207000	159208000	5	159979000	159980000
5	159208000	159209000	5	159262000	159263000
5	159178000	159179000	5	159262000	159263000
5	159156000	159157000	5	159262000	159263000
5	159156000	159157000	5	159316000	159317000
5	157327000	157328000	5	157742000	157743000
5	157343000	157344000	5	157742000	157743000
5	157367000	157368000	5	157742000	157743000
5	157761000	157762000	5	159132000	159133000
5	158174000	158175000	5	159131000	159132000
5	157855000	157856000	5	159131000	159132000
5	157761000	157762000	5	159103000	159104000
5	157818000	157819000	5	159131000	159132000
5	157818000	157819000	5	159103000	159104000
5	158174000	158175000	5	159105000	159106000
5	157854000	157855000	5	159103000	159104000
5	158074000	158075000	5	159133000	159134000
5	158074000	158075000	5	159105000	159106000
5	158695000	158696000	5	159132000	159133000
5	158695000	158696000	5	159106000	159107000
5	158175000	158176000	5	158769000	158770000
5	158174000	158175000	5	158693000	158694000
5	159442000	159443000	5	159682000	159683000
5	159330000	159331000	5	159681000	159682000
5	159157000	159158000	5	159680000	159681000
5	159447000	159448000	5	159773000	159774000
5	159515000	159516000	5	159772000	159773000
5	159582000	159583000	5	159771000	159772000
5	159514000	159515000	5	159682000	159683000
5	159580000	159581000	5	159823000	159824000
5	159581000	159582000	5	159915000	159916000
5	159581000	159582000	5	159904000	159905000
5	159334000	159335000	5	159771000	159772000
5	159263000	159264000	5	159769000	159770000
5	159209000	159210000	5	159770000	159771000
5	159773000	159774000	5	159904000	159905000
5	159579000	159580000	5	159982000	159983000
5	159333000	159334000	5	159580000	159581000
5	159155000	159156000	5	159438000	159439000
5	157328000	157329000	5	157718000	157719000
5	157342000	157343000	5	157717000	157718000
5	157366000	157367000	5	157718000	157719000
5	157429000	157430000	5	157740000	157741000
5	157668000	157669000	5	157741000	157742000
5	157145000	157146000	5	157715000	157716000
5	157145000	157146000	5	157740000	157741000
5	157250000	157251000	5	157740000	157741000
5	157463000	157464000	5	157741000	157742000
5	157510000	157511000	5	157740000	157741000
5	157575000	157576000	5	157741000	157742000
5	157476000	157477000	5	157741000	157742000
5	159285000	159286000	5	159437000	159438000
5	159285000	159286000	5	159512000	159513000
5	159286000	159287000	5	159580000	159581000
5	159262000	159263000	5	159580000	159581000
5	159261000	159262000	5	159513000	159514000
5	159265000	159266000	5	159438000	159439000
5	159208000	159209000	5	159580000	159581000
5	159206000	159207000	5	159511000	159512000
5	159210000	159211000	5	159685000	159686000
5	159773000	159774000	5	159979000	159980000
5	157762000	157763000	5	157946000	157947000
5	157856000	157857000	5	157916000	157917000
